40
100.0
10.0

30.063999 21.551739
84.678112 21.571158
81.063201 3.271049
57.176641 18.275633
61.467719 31.829741
15.807425 89.097065
32.087720 94.960466
71.288609 4.943282
49.354390 46.922905
63.822221 82.163250
14.685738 87.136244
87.395174 63.481779
34.197195 7.680757
50.268883 41.559732
75.429983 93.143249
31.816773 49.718958
18.024132 82.941228
45.185407 72.593750
8.641907 61.045839
17.696340 35.818379
46.951391 20.933804
56.472217 18.332797
49.108759 64.633668
75.462052 93.486369
57.931800 33.891899
21.856996 45.842062
94.836061 38.769522
54.829377 29.431246
77.608973 44.390062
97.594106 30.181855
60.226110 0.094839
4.983047 70.340376
86.167817 46.921697
63.039279 45.930701
85.073128 19.108504
64.579610 19.640677
84.072002 63.232853
85.240162 0.999657
49.765689 34.634565
18.211131 33.308195
